# Energy of each residue is written to: profile_27
# The profile IS normalized by the number of restraints.
# The profiles are smoothed over a window of residues:   13
# The sum of all numbers in the file:      -4.4088
#COLUMNS S S  N N N N N N N N N N N N N N N N N N N N N N N N N N N N N N N N N N N N N N N N 
# RESID  RES            1           2           3           4           5           6           7           8           9          10          11          12          13          14          15          16          17          18          19          20          21          22          23          24          25          26          27          28          29          30          31          32          33          34          35          36          37          38          39     TOTAL

     1  THR       0.0         0.0         0.0         0.0         0.0         0.0         0.0         0.0         0.0         0.0         0.0         0.0         0.0         0.0         0.0         0.0         0.0         0.0         0.0         0.0         0.0         0.0         0.0         0.0         0.0         0.0         0.0         0.0         0.0         0.0       -0.31E-01     0.0         0.0         0.0         0.0         0.0         0.0         0.0         0.0       -0.31E-01
     2  THR       0.0         0.0         0.0         0.0         0.0         0.0         0.0         0.0         0.0         0.0         0.0         0.0         0.0         0.0         0.0         0.0         0.0         0.0         0.0         0.0         0.0         0.0         0.0         0.0         0.0         0.0         0.0         0.0         0.0         0.0       -0.35E-01     0.0         0.0         0.0         0.0         0.0         0.0         0.0         0.0       -0.35E-01
     3  ASP       0.0         0.0         0.0         0.0         0.0         0.0         0.0         0.0         0.0         0.0         0.0         0.0         0.0         0.0         0.0         0.0         0.0         0.0         0.0         0.0         0.0         0.0         0.0         0.0         0.0         0.0         0.0         0.0         0.0         0.0       -0.39E-01     0.0         0.0         0.0         0.0         0.0         0.0         0.0         0.0       -0.39E-01
     4  GLN       0.0         0.0         0.0         0.0         0.0         0.0         0.0         0.0         0.0         0.0         0.0         0.0         0.0         0.0         0.0         0.0         0.0         0.0         0.0         0.0         0.0         0.0         0.0         0.0         0.0         0.0         0.0         0.0         0.0         0.0       -0.42E-01     0.0         0.0         0.0         0.0         0.0         0.0         0.0         0.0       -0.42E-01
     5  VAL       0.0         0.0         0.0         0.0         0.0         0.0         0.0         0.0         0.0         0.0         0.0         0.0         0.0         0.0         0.0         0.0         0.0         0.0         0.0         0.0         0.0         0.0         0.0         0.0         0.0         0.0         0.0         0.0         0.0         0.0       -0.44E-01     0.0         0.0         0.0         0.0         0.0         0.0         0.0         0.0       -0.44E-01
     6  LYS       0.0         0.0         0.0         0.0         0.0         0.0         0.0         0.0         0.0         0.0         0.0         0.0         0.0         0.0         0.0         0.0         0.0         0.0         0.0         0.0         0.0         0.0         0.0         0.0         0.0         0.0         0.0         0.0         0.0         0.0       -0.45E-01     0.0         0.0         0.0         0.0         0.0         0.0         0.0         0.0       -0.45E-01
     7  SER       0.0         0.0         0.0         0.0         0.0         0.0         0.0         0.0         0.0         0.0         0.0         0.0         0.0         0.0         0.0         0.0         0.0         0.0         0.0         0.0         0.0         0.0         0.0         0.0         0.0         0.0         0.0         0.0         0.0         0.0       -0.46E-01     0.0         0.0         0.0         0.0         0.0         0.0         0.0         0.0       -0.46E-01
     8  LEU       0.0         0.0         0.0         0.0         0.0         0.0         0.0         0.0         0.0         0.0         0.0         0.0         0.0         0.0         0.0         0.0         0.0         0.0         0.0         0.0         0.0         0.0         0.0         0.0         0.0         0.0         0.0         0.0         0.0         0.0       -0.48E-01     0.0         0.0         0.0         0.0         0.0         0.0         0.0         0.0       -0.48E-01
     9  GLU       0.0         0.0         0.0         0.0         0.0         0.0         0.0         0.0         0.0         0.0         0.0         0.0         0.0         0.0         0.0         0.0         0.0         0.0         0.0         0.0         0.0         0.0         0.0         0.0         0.0         0.0         0.0         0.0         0.0         0.0       -0.47E-01     0.0         0.0         0.0         0.0         0.0         0.0         0.0         0.0       -0.47E-01
    10  LYS       0.0         0.0         0.0         0.0         0.0         0.0         0.0         0.0         0.0         0.0         0.0         0.0         0.0         0.0         0.0         0.0         0.0         0.0         0.0         0.0         0.0         0.0         0.0         0.0         0.0         0.0         0.0         0.0         0.0         0.0       -0.45E-01     0.0         0.0         0.0         0.0         0.0         0.0         0.0         0.0       -0.45E-01
    11  ASN       0.0         0.0         0.0         0.0         0.0         0.0         0.0         0.0         0.0         0.0         0.0         0.0         0.0         0.0         0.0         0.0         0.0         0.0         0.0         0.0         0.0         0.0         0.0         0.0         0.0         0.0         0.0         0.0         0.0         0.0       -0.42E-01     0.0         0.0         0.0         0.0         0.0         0.0         0.0         0.0       -0.42E-01
    12  PHE       0.0         0.0         0.0         0.0         0.0         0.0         0.0         0.0         0.0         0.0         0.0         0.0         0.0         0.0         0.0         0.0         0.0         0.0         0.0         0.0         0.0         0.0         0.0         0.0         0.0         0.0         0.0         0.0         0.0         0.0       -0.40E-01     0.0         0.0         0.0         0.0         0.0         0.0         0.0         0.0       -0.40E-01
    13  GLU       0.0         0.0         0.0         0.0         0.0         0.0         0.0         0.0         0.0         0.0         0.0         0.0         0.0         0.0         0.0         0.0         0.0         0.0         0.0         0.0         0.0         0.0         0.0         0.0         0.0         0.0         0.0         0.0         0.0         0.0       -0.38E-01     0.0         0.0         0.0         0.0         0.0         0.0         0.0         0.0       -0.38E-01
    14  LEU       0.0         0.0         0.0         0.0         0.0         0.0         0.0         0.0         0.0         0.0         0.0         0.0         0.0         0.0         0.0         0.0         0.0         0.0         0.0         0.0         0.0         0.0         0.0         0.0         0.0         0.0         0.0         0.0         0.0         0.0       -0.36E-01     0.0         0.0         0.0         0.0         0.0         0.0         0.0         0.0       -0.36E-01
    15  GLU       0.0         0.0         0.0         0.0         0.0         0.0         0.0         0.0         0.0         0.0         0.0         0.0         0.0         0.0         0.0         0.0         0.0         0.0         0.0         0.0         0.0         0.0         0.0         0.0         0.0         0.0         0.0         0.0         0.0         0.0       -0.34E-01     0.0         0.0         0.0         0.0         0.0         0.0         0.0         0.0       -0.34E-01
    16  ASN       0.0         0.0         0.0         0.0         0.0         0.0         0.0         0.0         0.0         0.0         0.0         0.0         0.0         0.0         0.0         0.0         0.0         0.0         0.0         0.0         0.0         0.0         0.0         0.0         0.0         0.0         0.0         0.0         0.0         0.0       -0.32E-01     0.0         0.0         0.0         0.0         0.0         0.0         0.0         0.0       -0.32E-01
    17  LYS       0.0         0.0         0.0         0.0         0.0         0.0         0.0         0.0         0.0         0.0         0.0         0.0         0.0         0.0         0.0         0.0         0.0         0.0         0.0         0.0         0.0         0.0         0.0         0.0         0.0         0.0         0.0         0.0         0.0         0.0       -0.31E-01     0.0         0.0         0.0         0.0         0.0         0.0         0.0         0.0       -0.31E-01
    18  LEU       0.0         0.0         0.0         0.0         0.0         0.0         0.0         0.0         0.0         0.0         0.0         0.0         0.0         0.0         0.0         0.0         0.0         0.0         0.0         0.0         0.0         0.0         0.0         0.0         0.0         0.0         0.0         0.0         0.0         0.0       -0.32E-01     0.0         0.0         0.0         0.0         0.0         0.0         0.0         0.0       -0.32E-01
    19  GLU       0.0         0.0         0.0         0.0         0.0         0.0         0.0         0.0         0.0         0.0         0.0         0.0         0.0         0.0         0.0         0.0         0.0         0.0         0.0         0.0         0.0         0.0         0.0         0.0         0.0         0.0         0.0         0.0         0.0         0.0       -0.33E-01     0.0         0.0         0.0         0.0         0.0         0.0         0.0         0.0       -0.33E-01
    20  PRO       0.0         0.0         0.0         0.0         0.0         0.0         0.0         0.0         0.0         0.0         0.0         0.0         0.0         0.0         0.0         0.0         0.0         0.0         0.0         0.0         0.0         0.0         0.0         0.0         0.0         0.0         0.0         0.0         0.0         0.0       -0.35E-01     0.0         0.0         0.0         0.0         0.0         0.0         0.0         0.0       -0.35E-01
    21  GLU       0.0         0.0         0.0         0.0         0.0         0.0         0.0         0.0         0.0         0.0         0.0         0.0         0.0         0.0         0.0         0.0         0.0         0.0         0.0         0.0         0.0         0.0         0.0         0.0         0.0         0.0         0.0         0.0         0.0         0.0       -0.37E-01     0.0         0.0         0.0         0.0         0.0         0.0         0.0         0.0       -0.37E-01
    22  ARG       0.0         0.0         0.0         0.0         0.0         0.0         0.0         0.0         0.0         0.0         0.0         0.0         0.0         0.0         0.0         0.0         0.0         0.0         0.0         0.0         0.0         0.0         0.0         0.0         0.0         0.0         0.0         0.0         0.0         0.0       -0.41E-01     0.0         0.0         0.0         0.0         0.0         0.0         0.0         0.0       -0.41E-01
    23  LYS       0.0         0.0         0.0         0.0         0.0         0.0         0.0         0.0         0.0         0.0         0.0         0.0         0.0         0.0         0.0         0.0         0.0         0.0         0.0         0.0         0.0         0.0         0.0         0.0         0.0         0.0         0.0         0.0         0.0         0.0       -0.45E-01     0.0         0.0         0.0         0.0         0.0         0.0         0.0         0.0       -0.45E-01
    24  LEU       0.0         0.0         0.0         0.0         0.0         0.0         0.0         0.0         0.0         0.0         0.0         0.0         0.0         0.0         0.0         0.0         0.0         0.0         0.0         0.0         0.0         0.0         0.0         0.0         0.0         0.0         0.0         0.0         0.0         0.0       -0.49E-01     0.0         0.0         0.0         0.0         0.0         0.0         0.0         0.0       -0.49E-01
    25  GLN       0.0         0.0         0.0         0.0         0.0         0.0         0.0         0.0         0.0         0.0         0.0         0.0         0.0         0.0         0.0         0.0         0.0         0.0         0.0         0.0         0.0         0.0         0.0         0.0         0.0         0.0         0.0         0.0         0.0         0.0       -0.51E-01     0.0         0.0         0.0         0.0         0.0         0.0         0.0         0.0       -0.51E-01
    26  LEU       0.0         0.0         0.0         0.0         0.0         0.0         0.0         0.0         0.0         0.0         0.0         0.0         0.0         0.0         0.0         0.0         0.0         0.0         0.0         0.0         0.0         0.0         0.0         0.0         0.0         0.0         0.0         0.0         0.0         0.0       -0.53E-01     0.0         0.0         0.0         0.0         0.0         0.0         0.0         0.0       -0.53E-01
    27  ALA       0.0         0.0         0.0         0.0         0.0         0.0         0.0         0.0         0.0         0.0         0.0         0.0         0.0         0.0         0.0         0.0         0.0         0.0         0.0         0.0         0.0         0.0         0.0         0.0         0.0         0.0         0.0         0.0         0.0         0.0       -0.54E-01     0.0         0.0         0.0         0.0         0.0         0.0         0.0         0.0       -0.54E-01
    28  ARG       0.0         0.0         0.0         0.0         0.0         0.0         0.0         0.0         0.0         0.0         0.0         0.0         0.0         0.0         0.0         0.0         0.0         0.0         0.0         0.0         0.0         0.0         0.0         0.0         0.0         0.0         0.0         0.0         0.0         0.0       -0.53E-01     0.0         0.0         0.0         0.0         0.0         0.0         0.0         0.0       -0.53E-01
    29  GLU       0.0         0.0         0.0         0.0         0.0         0.0         0.0         0.0         0.0         0.0         0.0         0.0         0.0         0.0         0.0         0.0         0.0         0.0         0.0         0.0         0.0         0.0         0.0         0.0         0.0         0.0         0.0         0.0         0.0         0.0       -0.51E-01     0.0         0.0         0.0         0.0         0.0         0.0         0.0         0.0       -0.51E-01
    30  LEU       0.0         0.0         0.0         0.0         0.0         0.0         0.0         0.0         0.0         0.0         0.0         0.0         0.0         0.0         0.0         0.0         0.0         0.0         0.0         0.0         0.0         0.0         0.0         0.0         0.0         0.0         0.0         0.0         0.0         0.0       -0.50E-01     0.0         0.0         0.0         0.0         0.0         0.0         0.0         0.0       -0.50E-01
    31  GLY       0.0         0.0         0.0         0.0         0.0         0.0         0.0         0.0         0.0         0.0         0.0         0.0         0.0         0.0         0.0         0.0         0.0         0.0         0.0         0.0         0.0         0.0         0.0         0.0         0.0         0.0         0.0         0.0         0.0         0.0       -0.48E-01     0.0         0.0         0.0         0.0         0.0         0.0         0.0         0.0       -0.48E-01
    32  LEU       0.0         0.0         0.0         0.0         0.0         0.0         0.0         0.0         0.0         0.0         0.0         0.0         0.0         0.0         0.0         0.0         0.0         0.0         0.0         0.0         0.0         0.0         0.0         0.0         0.0         0.0         0.0         0.0         0.0         0.0       -0.47E-01     0.0         0.0         0.0         0.0         0.0         0.0         0.0         0.0       -0.47E-01
    33  GLN       0.0         0.0         0.0         0.0         0.0         0.0         0.0         0.0         0.0         0.0         0.0         0.0         0.0         0.0         0.0         0.0         0.0         0.0         0.0         0.0         0.0         0.0         0.0         0.0         0.0         0.0         0.0         0.0         0.0         0.0       -0.46E-01     0.0         0.0         0.0         0.0         0.0         0.0         0.0         0.0       -0.46E-01
    34  PRO       0.0         0.0         0.0         0.0         0.0         0.0         0.0         0.0         0.0         0.0         0.0         0.0         0.0         0.0         0.0         0.0         0.0         0.0         0.0         0.0         0.0         0.0         0.0         0.0         0.0         0.0         0.0         0.0         0.0         0.0       -0.46E-01     0.0         0.0         0.0         0.0         0.0         0.0         0.0         0.0       -0.46E-01
    35  ARG       0.0         0.0         0.0         0.0         0.0         0.0         0.0         0.0         0.0         0.0         0.0         0.0         0.0         0.0         0.0         0.0         0.0         0.0         0.0         0.0         0.0         0.0         0.0         0.0         0.0         0.0         0.0         0.0         0.0         0.0       -0.47E-01     0.0         0.0         0.0         0.0         0.0         0.0         0.0         0.0       -0.47E-01
    36  GLN       0.0         0.0         0.0         0.0         0.0         0.0         0.0         0.0         0.0         0.0         0.0         0.0         0.0         0.0         0.0         0.0         0.0         0.0         0.0         0.0         0.0         0.0         0.0         0.0         0.0         0.0         0.0         0.0         0.0         0.0       -0.49E-01     0.0         0.0         0.0         0.0         0.0         0.0         0.0         0.0       -0.49E-01
    37  VAL       0.0         0.0         0.0         0.0         0.0         0.0         0.0         0.0         0.0         0.0         0.0         0.0         0.0         0.0         0.0         0.0         0.0         0.0         0.0         0.0         0.0         0.0         0.0         0.0         0.0         0.0         0.0         0.0         0.0         0.0       -0.50E-01     0.0         0.0         0.0         0.0         0.0         0.0         0.0         0.0       -0.50E-01
    38  ALA       0.0         0.0         0.0         0.0         0.0         0.0         0.0         0.0         0.0         0.0         0.0         0.0         0.0         0.0         0.0         0.0         0.0         0.0         0.0         0.0         0.0         0.0         0.0         0.0         0.0         0.0         0.0         0.0         0.0         0.0       -0.50E-01     0.0         0.0         0.0         0.0         0.0         0.0         0.0         0.0       -0.50E-01
    39  VAL       0.0         0.0         0.0         0.0         0.0         0.0         0.0         0.0         0.0         0.0         0.0         0.0         0.0         0.0         0.0         0.0         0.0         0.0         0.0         0.0         0.0         0.0         0.0         0.0         0.0         0.0         0.0         0.0         0.0         0.0       -0.49E-01     0.0         0.0         0.0         0.0         0.0         0.0         0.0         0.0       -0.49E-01
    40  TRP       0.0         0.0         0.0         0.0         0.0         0.0         0.0         0.0         0.0         0.0         0.0         0.0         0.0         0.0         0.0         0.0         0.0         0.0         0.0         0.0         0.0         0.0         0.0         0.0         0.0         0.0         0.0         0.0         0.0         0.0       -0.49E-01     0.0         0.0         0.0         0.0         0.0         0.0         0.0         0.0       -0.49E-01
    41  PHE       0.0         0.0         0.0         0.0         0.0         0.0         0.0         0.0         0.0         0.0         0.0         0.0         0.0         0.0         0.0         0.0         0.0         0.0         0.0         0.0         0.0         0.0         0.0         0.0         0.0         0.0         0.0         0.0         0.0         0.0       -0.47E-01     0.0         0.0         0.0         0.0         0.0         0.0         0.0         0.0       -0.47E-01
    42  GLN       0.0         0.0         0.0         0.0         0.0         0.0         0.0         0.0         0.0         0.0         0.0         0.0         0.0         0.0         0.0         0.0         0.0         0.0         0.0         0.0         0.0         0.0         0.0         0.0         0.0         0.0         0.0         0.0         0.0         0.0       -0.46E-01     0.0         0.0         0.0         0.0         0.0         0.0         0.0         0.0       -0.46E-01
    43  ASN       0.0         0.0         0.0         0.0         0.0         0.0         0.0         0.0         0.0         0.0         0.0         0.0         0.0         0.0         0.0         0.0         0.0         0.0         0.0         0.0         0.0         0.0         0.0         0.0         0.0         0.0         0.0         0.0         0.0         0.0       -0.45E-01     0.0         0.0         0.0         0.0         0.0         0.0         0.0         0.0       -0.45E-01
    44  ARG       0.0         0.0         0.0         0.0         0.0         0.0         0.0         0.0         0.0         0.0         0.0         0.0         0.0         0.0         0.0         0.0         0.0         0.0         0.0         0.0         0.0         0.0         0.0         0.0         0.0         0.0         0.0         0.0         0.0         0.0       -0.45E-01     0.0         0.0         0.0         0.0         0.0         0.0         0.0         0.0       -0.45E-01
    45  ARG       0.0         0.0         0.0         0.0         0.0         0.0         0.0         0.0         0.0         0.0         0.0         0.0         0.0         0.0         0.0         0.0         0.0         0.0         0.0         0.0         0.0         0.0         0.0         0.0         0.0         0.0         0.0         0.0         0.0         0.0       -0.44E-01     0.0         0.0         0.0         0.0         0.0         0.0         0.0         0.0       -0.44E-01
    46  ALA       0.0         0.0         0.0         0.0         0.0         0.0         0.0         0.0         0.0         0.0         0.0         0.0         0.0         0.0         0.0         0.0         0.0         0.0         0.0         0.0         0.0         0.0         0.0         0.0         0.0         0.0         0.0         0.0         0.0         0.0       -0.45E-01     0.0         0.0         0.0         0.0         0.0         0.0         0.0         0.0       -0.45E-01
    47  ARG       0.0         0.0         0.0         0.0         0.0         0.0         0.0         0.0         0.0         0.0         0.0         0.0         0.0         0.0         0.0         0.0         0.0         0.0         0.0         0.0         0.0         0.0         0.0         0.0         0.0         0.0         0.0         0.0         0.0         0.0       -0.43E-01     0.0         0.0         0.0         0.0         0.0         0.0         0.0         0.0       -0.43E-01
    48  TRP       0.0         0.0         0.0         0.0         0.0         0.0         0.0         0.0         0.0         0.0         0.0         0.0         0.0         0.0         0.0         0.0         0.0         0.0         0.0         0.0         0.0         0.0         0.0         0.0         0.0         0.0         0.0         0.0         0.0         0.0       -0.42E-01     0.0         0.0         0.0         0.0         0.0         0.0         0.0         0.0       -0.42E-01
    49  LYS       0.0         0.0         0.0         0.0         0.0         0.0         0.0         0.0         0.0         0.0         0.0         0.0         0.0         0.0         0.0         0.0         0.0         0.0         0.0         0.0         0.0         0.0         0.0         0.0         0.0         0.0         0.0         0.0         0.0         0.0       -0.41E-01     0.0         0.0         0.0         0.0         0.0         0.0         0.0         0.0       -0.41E-01
    50  THR       0.0         0.0         0.0         0.0         0.0         0.0         0.0         0.0         0.0         0.0         0.0         0.0         0.0         0.0         0.0         0.0         0.0         0.0         0.0         0.0         0.0         0.0         0.0         0.0         0.0         0.0         0.0         0.0         0.0         0.0       -0.40E-01     0.0         0.0         0.0         0.0         0.0         0.0         0.0         0.0       -0.40E-01
    51  LYS       0.0         0.0         0.0         0.0         0.0         0.0         0.0         0.0         0.0         0.0         0.0         0.0         0.0         0.0         0.0         0.0         0.0         0.0         0.0         0.0         0.0         0.0         0.0         0.0         0.0         0.0         0.0         0.0         0.0         0.0       -0.39E-01     0.0         0.0         0.0         0.0         0.0         0.0         0.0         0.0       -0.39E-01
    52  THR       0.0         0.0         0.0         0.0         0.0         0.0         0.0         0.0         0.0         0.0         0.0         0.0         0.0         0.0         0.0         0.0         0.0         0.0         0.0         0.0         0.0         0.0         0.0         0.0         0.0         0.0         0.0         0.0         0.0         0.0       -0.38E-01     0.0         0.0         0.0         0.0         0.0         0.0         0.0         0.0       -0.38E-01
    53  THR       0.0         0.0         0.0         0.0         0.0         0.0         0.0         0.0         0.0         0.0         0.0         0.0         0.0         0.0         0.0         0.0         0.0         0.0         0.0         0.0         0.0         0.0         0.0         0.0         0.0         0.0         0.0         0.0         0.0         0.0       -0.39E-01     0.0         0.0         0.0         0.0         0.0         0.0         0.0         0.0       -0.39E-01
    54  ASP       0.0         0.0         0.0         0.0         0.0         0.0         0.0         0.0         0.0         0.0         0.0         0.0         0.0         0.0         0.0         0.0         0.0         0.0         0.0         0.0         0.0         0.0         0.0         0.0         0.0         0.0         0.0         0.0         0.0         0.0       -0.42E-01     0.0         0.0         0.0         0.0         0.0         0.0         0.0         0.0       -0.42E-01
    55  GLN       0.0         0.0         0.0         0.0         0.0         0.0         0.0         0.0         0.0         0.0         0.0         0.0         0.0         0.0         0.0         0.0         0.0         0.0         0.0         0.0         0.0         0.0         0.0         0.0         0.0         0.0         0.0         0.0         0.0         0.0       -0.44E-01     0.0         0.0         0.0         0.0         0.0         0.0         0.0         0.0       -0.44E-01
    56  VAL       0.0         0.0         0.0         0.0         0.0         0.0         0.0         0.0         0.0         0.0         0.0         0.0         0.0         0.0         0.0         0.0         0.0         0.0         0.0         0.0         0.0         0.0         0.0         0.0         0.0         0.0         0.0         0.0         0.0         0.0       -0.46E-01     0.0         0.0         0.0         0.0         0.0         0.0         0.0         0.0       -0.46E-01
    57  LYS       0.0         0.0         0.0         0.0         0.0         0.0         0.0         0.0         0.0         0.0         0.0         0.0         0.0         0.0         0.0         0.0         0.0         0.0         0.0         0.0         0.0         0.0         0.0         0.0         0.0         0.0         0.0         0.0         0.0         0.0       -0.48E-01     0.0         0.0         0.0         0.0         0.0         0.0         0.0         0.0       -0.48E-01
    58  SER       0.0         0.0         0.0         0.0         0.0         0.0         0.0         0.0         0.0         0.0         0.0         0.0         0.0         0.0         0.0         0.0         0.0         0.0         0.0         0.0         0.0         0.0         0.0         0.0         0.0         0.0         0.0         0.0         0.0         0.0       -0.49E-01     0.0         0.0         0.0         0.0         0.0         0.0         0.0         0.0       -0.49E-01
    59  LEU       0.0         0.0         0.0         0.0         0.0         0.0         0.0         0.0         0.0         0.0         0.0         0.0         0.0         0.0         0.0         0.0         0.0         0.0         0.0         0.0         0.0         0.0         0.0         0.0         0.0         0.0         0.0         0.0         0.0         0.0       -0.50E-01     0.0         0.0         0.0         0.0         0.0         0.0         0.0         0.0       -0.50E-01
    60  GLU       0.0         0.0         0.0         0.0         0.0         0.0         0.0         0.0         0.0         0.0         0.0         0.0         0.0         0.0         0.0         0.0         0.0         0.0         0.0         0.0         0.0         0.0         0.0         0.0         0.0         0.0         0.0         0.0         0.0         0.0       -0.49E-01     0.0         0.0         0.0         0.0         0.0         0.0         0.0         0.0       -0.49E-01
    61  LYS       0.0         0.0         0.0         0.0         0.0         0.0         0.0         0.0         0.0         0.0         0.0         0.0         0.0         0.0         0.0         0.0         0.0         0.0         0.0         0.0         0.0         0.0         0.0         0.0         0.0         0.0         0.0         0.0         0.0         0.0       -0.46E-01     0.0         0.0         0.0         0.0         0.0         0.0         0.0         0.0       -0.46E-01
    62  ASN       0.0         0.0         0.0         0.0         0.0         0.0         0.0         0.0         0.0         0.0         0.0         0.0         0.0         0.0         0.0         0.0         0.0         0.0         0.0         0.0         0.0         0.0         0.0         0.0         0.0         0.0         0.0         0.0         0.0         0.0       -0.43E-01     0.0         0.0         0.0         0.0         0.0         0.0         0.0         0.0       -0.43E-01
    63  PHE       0.0         0.0         0.0         0.0         0.0         0.0         0.0         0.0         0.0         0.0         0.0         0.0         0.0         0.0         0.0         0.0         0.0         0.0         0.0         0.0         0.0         0.0         0.0         0.0         0.0         0.0         0.0         0.0         0.0         0.0       -0.40E-01     0.0         0.0         0.0         0.0         0.0         0.0         0.0         0.0       -0.40E-01
    64  GLU       0.0         0.0         0.0         0.0         0.0         0.0         0.0         0.0         0.0         0.0         0.0         0.0         0.0         0.0         0.0         0.0         0.0         0.0         0.0         0.0         0.0         0.0         0.0         0.0         0.0         0.0         0.0         0.0         0.0         0.0       -0.37E-01     0.0         0.0         0.0         0.0         0.0         0.0         0.0         0.0       -0.37E-01
    65  LEU       0.0         0.0         0.0         0.0         0.0         0.0         0.0         0.0         0.0         0.0         0.0         0.0         0.0         0.0         0.0         0.0         0.0         0.0         0.0         0.0         0.0         0.0         0.0         0.0         0.0         0.0         0.0         0.0         0.0         0.0       -0.34E-01     0.0         0.0         0.0         0.0         0.0         0.0         0.0         0.0       -0.34E-01
    66  GLU       0.0         0.0         0.0         0.0         0.0         0.0         0.0         0.0         0.0         0.0         0.0         0.0         0.0         0.0         0.0         0.0         0.0         0.0         0.0         0.0         0.0         0.0         0.0         0.0         0.0         0.0         0.0         0.0         0.0         0.0       -0.31E-01     0.0         0.0         0.0         0.0         0.0         0.0         0.0         0.0       -0.31E-01
    67  ASN       0.0         0.0         0.0         0.0         0.0         0.0         0.0         0.0         0.0         0.0         0.0         0.0         0.0         0.0         0.0         0.0         0.0         0.0         0.0         0.0         0.0         0.0         0.0         0.0         0.0         0.0         0.0         0.0         0.0         0.0       -0.30E-01     0.0         0.0         0.0         0.0         0.0         0.0         0.0         0.0       -0.30E-01
    68  LYS       0.0         0.0         0.0         0.0         0.0         0.0         0.0         0.0         0.0         0.0         0.0         0.0         0.0         0.0         0.0         0.0         0.0         0.0         0.0         0.0         0.0         0.0         0.0         0.0         0.0         0.0         0.0         0.0         0.0         0.0       -0.29E-01     0.0         0.0         0.0         0.0         0.0         0.0         0.0         0.0       -0.29E-01
    69  LEU       0.0         0.0         0.0         0.0         0.0         0.0         0.0         0.0         0.0         0.0         0.0         0.0         0.0         0.0         0.0         0.0         0.0         0.0         0.0         0.0         0.0         0.0         0.0         0.0         0.0         0.0         0.0         0.0         0.0         0.0       -0.30E-01     0.0         0.0         0.0         0.0         0.0         0.0         0.0         0.0       -0.30E-01
    70  GLU       0.0         0.0         0.0         0.0         0.0         0.0         0.0         0.0         0.0         0.0         0.0         0.0         0.0         0.0         0.0         0.0         0.0         0.0         0.0         0.0         0.0         0.0         0.0         0.0         0.0         0.0         0.0         0.0         0.0         0.0       -0.31E-01     0.0         0.0         0.0         0.0         0.0         0.0         0.0         0.0       -0.31E-01
    71  PRO       0.0         0.0         0.0         0.0         0.0         0.0         0.0         0.0         0.0         0.0         0.0         0.0         0.0         0.0         0.0         0.0         0.0         0.0         0.0         0.0         0.0         0.0         0.0         0.0         0.0         0.0         0.0         0.0         0.0         0.0       -0.33E-01     0.0         0.0         0.0         0.0         0.0         0.0         0.0         0.0       -0.33E-01
    72  GLU       0.0         0.0         0.0         0.0         0.0         0.0         0.0         0.0         0.0         0.0         0.0         0.0         0.0         0.0         0.0         0.0         0.0         0.0         0.0         0.0         0.0         0.0         0.0         0.0         0.0         0.0         0.0         0.0         0.0         0.0       -0.37E-01     0.0         0.0         0.0         0.0         0.0         0.0         0.0         0.0       -0.37E-01
    73  ARG       0.0         0.0         0.0         0.0         0.0         0.0         0.0         0.0         0.0         0.0         0.0         0.0         0.0         0.0         0.0         0.0         0.0         0.0         0.0         0.0         0.0         0.0         0.0         0.0         0.0         0.0         0.0         0.0         0.0         0.0       -0.40E-01     0.0         0.0         0.0         0.0         0.0         0.0         0.0         0.0       -0.40E-01
    74  LYS       0.0         0.0         0.0         0.0         0.0         0.0         0.0         0.0         0.0         0.0         0.0         0.0         0.0         0.0         0.0         0.0         0.0         0.0         0.0         0.0         0.0         0.0         0.0         0.0         0.0         0.0         0.0         0.0         0.0         0.0       -0.44E-01     0.0         0.0         0.0         0.0         0.0         0.0         0.0         0.0       -0.44E-01
    75  LEU       0.0         0.0         0.0         0.0         0.0         0.0         0.0         0.0         0.0         0.0         0.0         0.0         0.0         0.0         0.0         0.0         0.0         0.0         0.0         0.0         0.0         0.0         0.0         0.0         0.0         0.0         0.0         0.0         0.0         0.0       -0.48E-01     0.0         0.0         0.0         0.0         0.0         0.0         0.0         0.0       -0.48E-01
    76  GLN       0.0         0.0         0.0         0.0         0.0         0.0         0.0         0.0         0.0         0.0         0.0         0.0         0.0         0.0         0.0         0.0         0.0         0.0         0.0         0.0         0.0         0.0         0.0         0.0         0.0         0.0         0.0         0.0         0.0         0.0       -0.51E-01     0.0         0.0         0.0         0.0         0.0         0.0         0.0         0.0       -0.51E-01
    77  LEU       0.0         0.0         0.0         0.0         0.0         0.0         0.0         0.0         0.0         0.0         0.0         0.0         0.0         0.0         0.0         0.0         0.0         0.0         0.0         0.0         0.0         0.0         0.0         0.0         0.0         0.0         0.0         0.0         0.0         0.0       -0.53E-01     0.0         0.0         0.0         0.0         0.0         0.0         0.0         0.0       -0.53E-01
    78  ALA       0.0         0.0         0.0         0.0         0.0         0.0         0.0         0.0         0.0         0.0         0.0         0.0         0.0         0.0         0.0         0.0         0.0         0.0         0.0         0.0         0.0         0.0         0.0         0.0         0.0         0.0         0.0         0.0         0.0         0.0       -0.53E-01     0.0         0.0         0.0         0.0         0.0         0.0         0.0         0.0       -0.53E-01
    79  ARG       0.0         0.0         0.0         0.0         0.0         0.0         0.0         0.0         0.0         0.0         0.0         0.0         0.0         0.0         0.0         0.0         0.0         0.0         0.0         0.0         0.0         0.0         0.0         0.0         0.0         0.0         0.0         0.0         0.0         0.0       -0.52E-01     0.0         0.0         0.0         0.0         0.0         0.0         0.0         0.0       -0.52E-01
    80  GLU       0.0         0.0         0.0         0.0         0.0         0.0         0.0         0.0         0.0         0.0         0.0         0.0         0.0         0.0         0.0         0.0         0.0         0.0         0.0         0.0         0.0         0.0         0.0         0.0         0.0         0.0         0.0         0.0         0.0         0.0       -0.50E-01     0.0         0.0         0.0         0.0         0.0         0.0         0.0         0.0       -0.50E-01
    81  LEU       0.0         0.0         0.0         0.0         0.0         0.0         0.0         0.0         0.0         0.0         0.0         0.0         0.0         0.0         0.0         0.0         0.0         0.0         0.0         0.0         0.0         0.0         0.0         0.0         0.0         0.0         0.0         0.0         0.0         0.0       -0.48E-01     0.0         0.0         0.0         0.0         0.0         0.0         0.0         0.0       -0.48E-01
    82  GLY       0.0         0.0         0.0         0.0         0.0         0.0         0.0         0.0         0.0         0.0         0.0         0.0         0.0         0.0         0.0         0.0         0.0         0.0         0.0         0.0         0.0         0.0         0.0         0.0         0.0         0.0         0.0         0.0         0.0         0.0       -0.45E-01     0.0         0.0         0.0         0.0         0.0         0.0         0.0         0.0       -0.45E-01
    83  LEU       0.0         0.0         0.0         0.0         0.0         0.0         0.0         0.0         0.0         0.0         0.0         0.0         0.0         0.0         0.0         0.0         0.0         0.0         0.0         0.0         0.0         0.0         0.0         0.0         0.0         0.0         0.0         0.0         0.0         0.0       -0.43E-01     0.0         0.0         0.0         0.0         0.0         0.0         0.0         0.0       -0.43E-01
    84  GLN       0.0         0.0         0.0         0.0         0.0         0.0         0.0         0.0         0.0         0.0         0.0         0.0         0.0         0.0         0.0         0.0         0.0         0.0         0.0         0.0         0.0         0.0         0.0         0.0         0.0         0.0         0.0         0.0         0.0         0.0       -0.41E-01     0.0         0.0         0.0         0.0         0.0         0.0         0.0         0.0       -0.41E-01
    85  PRO       0.0         0.0         0.0         0.0         0.0         0.0         0.0         0.0         0.0         0.0         0.0         0.0         0.0         0.0         0.0         0.0         0.0         0.0         0.0         0.0         0.0         0.0         0.0         0.0         0.0         0.0         0.0         0.0         0.0         0.0       -0.41E-01     0.0         0.0         0.0         0.0         0.0         0.0         0.0         0.0       -0.41E-01
    86  ARG       0.0         0.0         0.0         0.0         0.0         0.0         0.0         0.0         0.0         0.0         0.0         0.0         0.0         0.0         0.0         0.0         0.0         0.0         0.0         0.0         0.0         0.0         0.0         0.0         0.0         0.0         0.0         0.0         0.0         0.0       -0.42E-01     0.0         0.0         0.0         0.0         0.0         0.0         0.0         0.0       -0.42E-01
    87  GLN       0.0         0.0         0.0         0.0         0.0         0.0         0.0         0.0         0.0         0.0         0.0         0.0         0.0         0.0         0.0         0.0         0.0         0.0         0.0         0.0         0.0         0.0         0.0         0.0         0.0         0.0         0.0         0.0         0.0         0.0       -0.44E-01     0.0         0.0         0.0         0.0         0.0         0.0         0.0         0.0       -0.44E-01
    88  VAL       0.0         0.0         0.0         0.0         0.0         0.0         0.0         0.0         0.0         0.0         0.0         0.0         0.0         0.0         0.0         0.0         0.0         0.0         0.0         0.0         0.0         0.0         0.0         0.0         0.0         0.0         0.0         0.0         0.0         0.0       -0.46E-01     0.0         0.0         0.0         0.0         0.0         0.0         0.0         0.0       -0.46E-01
    89  ALA       0.0         0.0         0.0         0.0         0.0         0.0         0.0         0.0         0.0         0.0         0.0         0.0         0.0         0.0         0.0         0.0         0.0         0.0         0.0         0.0         0.0         0.0         0.0         0.0         0.0         0.0         0.0         0.0         0.0         0.0       -0.47E-01     0.0         0.0         0.0         0.0         0.0         0.0         0.0         0.0       -0.47E-01
    90  VAL       0.0         0.0         0.0         0.0         0.0         0.0         0.0         0.0         0.0         0.0         0.0         0.0         0.0         0.0         0.0         0.0         0.0         0.0         0.0         0.0         0.0         0.0         0.0         0.0         0.0         0.0         0.0         0.0         0.0         0.0       -0.47E-01     0.0         0.0         0.0         0.0         0.0         0.0         0.0         0.0       -0.47E-01
    91  TRP       0.0         0.0         0.0         0.0         0.0         0.0         0.0         0.0         0.0         0.0         0.0         0.0         0.0         0.0         0.0         0.0         0.0         0.0         0.0         0.0         0.0         0.0         0.0         0.0         0.0         0.0         0.0         0.0         0.0         0.0       -0.47E-01     0.0         0.0         0.0         0.0         0.0         0.0         0.0         0.0       -0.47E-01
    92  PHE       0.0         0.0         0.0         0.0         0.0         0.0         0.0         0.0         0.0         0.0         0.0         0.0         0.0         0.0         0.0         0.0         0.0         0.0         0.0         0.0         0.0         0.0         0.0         0.0         0.0         0.0         0.0         0.0         0.0         0.0       -0.47E-01     0.0         0.0         0.0         0.0         0.0         0.0         0.0         0.0       -0.47E-01
    93  GLN       0.0         0.0         0.0         0.0         0.0         0.0         0.0         0.0         0.0         0.0         0.0         0.0         0.0         0.0         0.0         0.0         0.0         0.0         0.0         0.0         0.0         0.0         0.0         0.0         0.0         0.0         0.0         0.0         0.0         0.0       -0.46E-01     0.0         0.0         0.0         0.0         0.0         0.0         0.0         0.0       -0.46E-01
    94  ASN       0.0         0.0         0.0         0.0         0.0         0.0         0.0         0.0         0.0         0.0         0.0         0.0         0.0         0.0         0.0         0.0         0.0         0.0         0.0         0.0         0.0         0.0         0.0         0.0         0.0         0.0         0.0         0.0         0.0         0.0       -0.44E-01     0.0         0.0         0.0         0.0         0.0         0.0         0.0         0.0       -0.44E-01
    95  ARG       0.0         0.0         0.0         0.0         0.0         0.0         0.0         0.0         0.0         0.0         0.0         0.0         0.0         0.0         0.0         0.0         0.0         0.0         0.0         0.0         0.0         0.0         0.0         0.0         0.0         0.0         0.0         0.0         0.0         0.0       -0.43E-01     0.0         0.0         0.0         0.0         0.0         0.0         0.0         0.0       -0.43E-01
    96  ARG       0.0         0.0         0.0         0.0         0.0         0.0         0.0         0.0         0.0         0.0         0.0         0.0         0.0         0.0         0.0         0.0         0.0         0.0         0.0         0.0         0.0         0.0         0.0         0.0         0.0         0.0         0.0         0.0         0.0         0.0       -0.42E-01     0.0         0.0         0.0         0.0         0.0         0.0         0.0         0.0       -0.42E-01
    97  ALA       0.0         0.0         0.0         0.0         0.0         0.0         0.0         0.0         0.0         0.0         0.0         0.0         0.0         0.0         0.0         0.0         0.0         0.0         0.0         0.0         0.0         0.0         0.0         0.0         0.0         0.0         0.0         0.0         0.0         0.0       -0.44E-01     0.0         0.0         0.0         0.0         0.0         0.0         0.0         0.0       -0.44E-01
    98  ARG       0.0         0.0         0.0         0.0         0.0         0.0         0.0         0.0         0.0         0.0         0.0         0.0         0.0         0.0         0.0         0.0         0.0         0.0         0.0         0.0         0.0         0.0         0.0         0.0         0.0         0.0         0.0         0.0         0.0         0.0       -0.43E-01     0.0         0.0         0.0         0.0         0.0         0.0         0.0         0.0       -0.43E-01
    99  TRP       0.0         0.0         0.0         0.0         0.0         0.0         0.0         0.0         0.0         0.0         0.0         0.0         0.0         0.0         0.0         0.0         0.0         0.0         0.0         0.0         0.0         0.0         0.0         0.0         0.0         0.0         0.0         0.0         0.0         0.0       -0.43E-01     0.0         0.0         0.0         0.0         0.0         0.0         0.0         0.0       -0.43E-01
   100  LYS       0.0         0.0         0.0         0.0         0.0         0.0         0.0         0.0         0.0         0.0         0.0         0.0         0.0         0.0         0.0         0.0         0.0         0.0         0.0         0.0         0.0         0.0         0.0         0.0         0.0         0.0         0.0         0.0         0.0         0.0       -0.43E-01     0.0         0.0         0.0         0.0         0.0         0.0         0.0         0.0       -0.43E-01
   101  THR       0.0         0.0         0.0         0.0         0.0         0.0         0.0         0.0         0.0         0.0         0.0         0.0         0.0         0.0         0.0         0.0         0.0         0.0         0.0         0.0         0.0         0.0         0.0         0.0         0.0         0.0         0.0         0.0         0.0         0.0       -0.43E-01     0.0         0.0         0.0         0.0         0.0         0.0         0.0         0.0       -0.43E-01
   102  LYS       0.0         0.0         0.0         0.0         0.0         0.0         0.0         0.0         0.0         0.0         0.0         0.0         0.0         0.0         0.0         0.0         0.0         0.0         0.0         0.0         0.0         0.0         0.0         0.0         0.0         0.0         0.0         0.0         0.0         0.0       -0.41E-01     0.0         0.0         0.0         0.0         0.0         0.0         0.0         0.0       -0.41E-01
