1 d1pufa_.1.pdb 0.998 39 1 59
2 d1nk3p_.2.pdb 0.998 34 1 58
3 c3a01A_.3.pdb 0.998 37 1 59
4 c2m34A_.4.pdb 0.998 39 1 56
5 c5luxK_.5.pdb 0.998 40 1 58
6 d1zq3p1.6.pdb 0.998 32 1 60
7 d2cuea1.7.pdb 0.998 31 1 62
8 d1jgga_.8.pdb 0.998 40 1 55
9 d1fjla_.9.pdb 0.998 29 1 58
10 d1b72a_.10.pdb 0.998 38 1 58
11 d1ahdp_.11.pdb 0.998 38 1 55
12 d2e1oa1.12.pdb 0.998 46 1 54
13 c2dmtA_.13.pdb 0.998 41 1 54
14 d9anta_.14.pdb 0.998 39 1 54
15 d1ig7a_.15.pdb 0.998 35 1 54
16 c2mgqA_.16.pdb 0.998 24 1 59
17 c4uutA_.17.pdb 0.998 34 4 62
18 d1b8ia_.18.pdb 0.998 36 1 55
19 d1le8a_.19.pdb 0.998 34 1 53
20 d2craa1.20.pdb 0.998 24 1 54
